# BRON: KONINKLIJK NEDERLANDS METEOROLOGISCH INSTITUUT (KNMI)
# Opmerking: door stationsverplaatsingen en veranderingen in waarneemmethodieken zijn deze tijdreeksen van dagwaarden mogelijk inhomogeen! Dat betekent dat deze reeks van gemeten waarden niet geschikt is voor trendanalyse. Voor studies naar klimaatverandering verwijzen we naar de gehomogeniseerde reeks maandtemperaturen van De Bilt <http://www.knmi.nl/kennis-en-datacentrum/achtergrond/gehomogeniseerde-reeks-maandtemperaturen-de-bilt> of de Centraal Nederland Temperatuur <http://www.knmi.nl/kennis-en-datacentrum/achtergrond/centraal-nederland-temperatuur-cnt>.
# 
# 
# STN      LON(east)   LAT(north)     ALT(m)  NAME
# 260:         5.177       52.101       2.00  DE BILT
# 
# YYYYMMDD = Datum (YYYY=jaar MM=maand DD=dag); 
# TX       = Maximum temperatuur (in 0.1 graden Celsius); 
# 
# STN,YYYYMMDD,   TX
# 
  260,19930405,  103
  260,19930406,  106
  260,19930407,   92
  260,19930408,  101
  260,19930409,  131
  260,19930410,  129
  260,19930411,  109
  260,19930412,  125
  260,19930413,  130
  260,19930414,  143
  260,19930415,  144
  260,19930416,  157
  260,19930417,  113
  260,19930418,  133
  260,19930419,  120
  260,19930420,  218
  260,19930421,  210
  260,19930422,  180
  260,19930423,  192
  260,19930424,  218
  260,19930425,  202
  260,19930426,  209
  260,19930427,  236
  260,19930428,  269
  260,19930429,  268
  260,19930430,  269
  260,19930501,  234
  260,19930502,  130
  260,19930503,  125
  260,19930504,  139
  260,19930505,  136
  260,19930506,  153
  260,19930507,  147
  260,19930508,  194
  260,19930509,  253
  260,19930510,  252
  260,19930511,  261
  260,19930512,  252
  260,19930513,  158
  260,19930514,  144
  260,19930515,  153
  260,19930516,  189
  260,19930517,  245
  260,19930518,  219
  260,19930519,  212
  260,19930520,  229
  260,19930521,  157
  260,19930522,  195
  260,19930523,  219
  260,19930524,  255
  260,19930525,  244
  260,19930526,  241
  260,19930527,  157
  260,19930528,  131
  260,19930529,  205
  260,19930530,  208
  260,19930531,  171
  260,19930601,  202
  260,19930602,  224
  260,19930603,  175
  260,19930604,  212
  260,19930605,  237
  260,19930606,  238
  260,19930607,  244
  260,19930608,  266
  260,19930609,  290
  260,19930610,  289
  260,19930611,  227
  260,19930612,  159
  260,19930613,  174
  260,19930614,  140
  260,19930615,  177
  260,19930616,  146
  260,19930617,  196
  260,19930618,  171
  260,19930619,  184
  260,19930620,  196
  260,19930621,  185
  260,19930622,  186
  260,19930623,  182
  260,19930624,  173
  260,19930625,  159
  260,19930626,  184
  260,19930627,  188
  260,19930628,  184
  260,19930629,  240
  260,19930630,  263
  260,19930701,  248
  260,19930702,  235
  260,19930703,  237
  260,19930704,  265
  260,19930705,  177
  260,19930706,  182
  260,19930707,  175
  260,19930708,  231
  260,19930709,  231
  260,19930710,  178
  260,19930711,  171
  260,19930712,  173
  260,19930713,  190
  260,19930714,  179
  260,19930715,  181
  260,19930716,  226
  260,19930717,  202
  260,19930718,  211
  260,19930719,  181
  260,19930720,  195
  260,19930721,  179
  260,19930722,  197
  260,19930723,  219
  260,19930724,  240
  260,19930725,  188
  260,19930726,  183
  260,19930727,  175
  260,19930728,  208
  260,19930729,  227
  260,19930730,  186
  260,19930731,  190
  260,19930801,  195
  260,19930802,  243
  260,19930803,  209
  260,19930804,  215
  260,19930805,  210
  260,19930806,  186
  260,19930807,  223
  260,19930808,  215
  260,19930809,  186
  260,19930810,  172
  260,19930811,  183
  260,19930812,  192
  260,19930813,  197
  260,19930814,  224
  260,19930815,  231
  260,19930816,  209
  260,19930817,  198
  260,19930818,  217
  260,19930819,  220
  260,19930820,  209
  260,19930821,  215
  260,19930822,  147
  260,19930823,  167
  260,19930824,  180
  260,19930825,  177
  260,19930826,  184
  260,19930827,  157
  260,19930828,  182
  260,19930829,  191
  260,19930830,  174
  260,19930831,  180
  260,19930901,  182
  260,19930902,  167
  260,19930903,  163
  260,19930904,  165
  260,19930905,  179
  260,19930906,  191
  260,19930907,  205
  260,19930908,  208
  260,19930909,  210
  260,19930910,  189
  260,19930911,  188
  260,19930912,  195
  260,19930913,  138
  260,19930914,  144
  260,19930915,  175
  260,19930916,  145
  260,19930917,  120
  260,19930918,  155
  260,19930919,  189
  260,19930920,  232
  260,19930921,  192
  260,19930922,  167
  260,19930923,  176
  260,19930924,  157
  260,19930925,  130
  260,19930926,  124
  260,19930927,  141
  260,19930928,  139
  260,19930929,  162
  260,19930930,  147
  260,19931001,  151
  260,19931002,  163
  260,19931003,  129
  260,19931004,  171
  260,19931005,  181
  260,19931006,  171
  260,19931007,  164
  260,19931008,  164
  260,19931009,  144
  260,19931010,  155
  260,19931011,  177
  260,19931012,  175
  260,19931013,  164
  260,19931014,  117
  260,19931015,  113
  260,19931016,   88
  260,19931017,  114
  260,19931018,   92
  260,19931019,   96
  260,19931020,   96
  260,19931021,  104
  260,19931022,   94
  260,19931023,   87
  260,19931024,   89
  260,19931025,  108
  260,19931026,  123
  260,19931027,  106
  260,19931028,  106
  260,19931029,  105
  260,19931030,   80
  260,19931031,   39
  260,19931101,   31
  260,19931102,   50
  260,19931103,  114
  260,19931104,  173
  260,19931105,  100
  260,19931106,   67
  260,19931107,   62
  260,19931108,   73
  260,19931109,  108
  260,19931110,   89
  260,19931111,  103
  260,19931112,   97
  260,19931113,   91
  260,19931114,  115
  260,19931115,   86
  260,19931116,   44
  260,19931117,   49
  260,19931118,   20
  260,19931119,   36
  260,19931120,   19
  260,19931121,  -14
  260,19931122,  -24
  260,19931123,    2
  260,19931124,    3
  260,19931125,   35
  260,19931126,   17
  260,19931127,  -19
  260,19931128,   -5
  260,19931129,   15
  260,19931130,  -10
  260,19931201,   17
  260,19931202,   99
  260,19931203,   99
  260,19931204,  110
  260,19931205,   79
  260,19931206,   78
  260,19931207,   69
  260,19931208,  108
  260,19931209,   98
  260,19931210,   81
  260,19931211,   63
  260,19931212,   56
  260,19931213,  100
  260,19931214,   36
  260,19931215,   39
  260,19931216,   72
  260,19931217,   77
  260,19931218,  119
  260,19931219,  134
  260,19931220,   74
  260,19931221,   42
  260,19931222,   68
  260,19931223,   58
  260,19931224,   51
  260,19931225,   21
  260,19931226,   30
  260,19931227,   42
  260,19931228,   33
  260,19931229,   78
  260,19931230,   85
  260,19931231,   80
  260,19940101,   55
  260,19940102,   81
  260,19940103,   89
  260,19940104,   84
  260,19940105,   87
  260,19940106,   81
  260,19940107,   61
  260,19940108,   43
  260,19940109,   41
  260,19940110,   61
  260,19940111,   64
  260,19940112,  122
  260,19940113,  122
  260,19940114,   82
  260,19940115,   68
  260,19940116,   51
  260,19940117,   41
  260,19940118,   40
  260,19940119,   32
  260,19940120,   59
  260,19940121,   63
  260,19940122,   89
  260,19940123,  104
  260,19940124,   65
  260,19940125,  116
  260,19940126,   73
  260,19940127,  109
  260,19940128,   60
  260,19940129,   83
  260,19940130,   98
  260,19940131,   77
  260,19940201,   72
  260,19940202,   69
  260,19940203,   49
  260,19940204,   73
  260,19940205,   58
  260,19940206,   76
  260,19940207,   64
  260,19940208,   86
  260,19940209,   82
  260,19940210,   77
  260,19940211,   43
  260,19940212,   30
  260,19940213,   -1
  260,19940214,  -10
  260,19940215,   25
  260,19940216,   54
  260,19940217,   46
  260,19940218,   44
  260,19940219,   40
  260,19940220,   -2
  260,19940221,  -23
  260,19940222,  -13
  260,19940223,   23
  260,19940224,    7
  260,19940225,   36
  260,19940226,  113
  260,19940227,  113
  260,19940228,  112
  260,19940301,   82
  260,19940302,   73
  260,19940303,   90
  260,19940304,  101
  260,19940305,  127
  260,19940306,  100
  260,19940307,  121
  260,19940308,  123
  260,19940309,   97
  260,19940310,  102
  260,19940311,  107
  260,19940312,   96
  260,19940313,  108
  260,19940314,  121
  260,19940315,  102
  260,19940316,   87
  260,19940317,   68
  260,19940318,   89
  260,19940319,   92
  260,19940320,   74
  260,19940321,   81
  260,19940322,   86
  260,19940323,  128
  260,19940324,  112
  260,19940325,  108
  260,19940326,   90
  260,19940327,   88
  260,19940328,  128
  260,19940329,  139
  260,19940330,  189
  260,19940331,  166
  260,19940401,  118
  260,19940402,   91
  260,19940403,   97
  260,19940404,  112
